3438
3440
3442
3443
3444
3445
3446
3447
3448
3449
3454
3455
3456
3457
3458
3459
3460
3461
3462
3463
3464
3465
3466
3467
3468
3474
3481
3482
3483
3484
3485
3487
3488
3490
3493
3507
3508
3509
3510
3511
3512
3513
3514
3515
3516
3517
3518
3519
3520
3521
3522
3523
3524
3525
3526
3527
3528
3529
3530
3531
3532
3533
3534
3535
3536
3537
3538
3539
3540
3541
3542
3543
3544
3545
3546
3547
3548
3549
3550
3551
3552
3553
3554
3558
3559
3560
3562
3563
3564
3565
3566
3568
3569
3570
3571
3572
3573
3574
3575
3576
3577
3578
3579
3580
3581
3582
3588
3589
3590
3591
3592
3593
3594
3595
3596
3597
3598
3600
3601
3602
3603
3604
3606
3607
3608
3609
3610
3611
3612
3613
3614
3615
3616
3649
3650
3651
3688
3696
3697
3698
3699
3700
3702
3703
3704
3708
3709
3710
3711
3712
3713
3715
3717
3719
3720
3722
3723
3724
3771
3772
3773
3774
4315
4316
4317
4318
4319
4320
4321
4324
4332
4333
4334
4335
4336
4337
4338
4346
4354
4355
4357
4360
4369
4370
4371
4372
4373
4374
4375
4376
4377
4378
4379
4380
4381
4382
4383
4384
4385
4386
4387
4388
4389
4390
4391
4392
4393
4394
4396
4405
4406
4407
4415
4423
4431
4439
4454
4455
4457
4459
4460
4461
4463
4464
4465
4466
4467
4468
4469
4470
4471
4472
4473
4474
4475
4476
4477
4478
4479
5119
5120
5121
5123
5124
5125
5126
5128
5129
5130
5131
5132
5133
5134
5135
5136
5162
5163
5164
5165
5166
5167
5168
5169
5170
5465
5466
5467
5468
5469
5470
5471
5473
5474
5475
5476
5477
5517
5519
5521
5522
5523
5524
5525
5526
5527
5528
5529
5542
5549
5555
5556
5557
5559
5565
5566
5568
5574
5575
5576
5577
5578
5582
5583
5584
5586
5597
5606
5618
5620
5633
5639
5664
5665
5666
5667
5668
5677
5688
5689
5690
5691
5692
5693
5694
5695
5696
5697
5698
5699
5700
5701
5702
5968
5969
5970
5971
5972
5973
5974
5975
5976
5977
5978
5979
5980
5981
5982
5983
5984
5985
5986
5987
5988
5989
5990
5991
6024
6025
6026
6027
6034
6035
6036
6037
6038
6039
6040
6041
6042
6043
6044
6045
6046
6047
6048
6049
6050
6052
6054
6055
6056
6057
6059
6060
6061
6062
6063
6064
6065
6066
6068
6071
6072
6073
6078
6079
6080
6081
6082
6083
6084
6085
6086
6087
6112
6113
6114
6115
6117
6118
6119
6120
6121
6122
6123
6124
6125
6147
6148
6149
6150
6151
6152
6153
6154
6155
6156
6157
6158
6159
6160
6161
6162
6163
6164
6165
6166
6167
6168
6169
6170
6171
6172
6173
6174
6175
6176
6177
6178
6179
6180
6181
6182
6183
6184
6185
6186
6187
6189
6193
6194
6200
6202
6203
6206
6210
6212
6214
6216
6217
6218
6219
6220
6221
6222
6223
6225
6226
6227
6228
6287
6288
6289
6290
6291
6292
6293
6294
6295
6296
6297
6298
6299
6300
6301
6302
6303
6304
6305
6306
6307
6308
6309
6310
6311
6312
6313
6314
6315
6316
6317
6318
6319
6320
6321
6322
6323
6324
6325
6326
6327
6328
6329
6330
6331
6332
6333
6334
6335
6336
6337
6338
